Python 3.5.1 (default, Dec 2015, 13:05:11)
[GCC 4.8.2] on linux
>>> Dist:  123.08779649083556 ((-89.0501022338867, 44.3042984008789), (-87, 42))
Dist:  123.04198997374327 ((-89.0501022338867, 44.3042984008789), (-87, 43))
Dist:  63.101141577954316 ((-89.0501022338867, 44.3042984008789), (-88, 42))
Dist:  63.041550674696246 ((-89.0501022338867, 44.3042984008789), (-88, 43))
Dist:  3.817072095619326 ((-89.0501022338867, 44.3042984008789), (-89, 42))
Dist:  3.2880387064431575 ((-89.0501022338867, 44.3042984008789), (-89, 43))
Dist:  203.36273907281918 ((-90.3891983032226, 44.0099983215332), (-87, 42))
Dist:  203.3722482006801 ((-90.3891983032226, 44.0099983215332), (-87, 43))
Dist:  143.3564780294657 ((-90.3891983032226, 44.0099983215332), (-88, 42))
Dist:  143.36547057936704 ((-90.3891983032226, 44.0099983215332), (-88, 43))
Dist:  83.35121127282507 ((-90.3891983032226, 44.0099983215332), (-89, 42))
Dist:  83.35894403378043 ((-90.3891983032226, 44.0099983215332), (-89, 43))
LONGEST:  203.3722482006801
=> None