borders = [
(-92.26491211570622,46.63250215344291),
(-92.2990775523383,46.08877515524308),
(-92.40689847377895,45.97713259405387),
(-92.63917017960497,45.93261947530156),
(-92.76816441472515,45.79247396104006),
(-92.90871977228463,45.58812193408886),
(-92.69108495507878,45.49103289885614),
(-92.74910968458394,45.25691162270921),
(-92.77629243648799,45.00803437533486),
(-92.79167324035704,44.84451902252035),
(-92.77574904775088,44.69473459069656),
(-92.59455616552678,44.58496209804165),
(-92.40246802838905,44.52462311278079),
(-92.25027432969691,44.50746333676062),
(-92.18309392146013,44.41377284399187),
(-92.03301664850822,44.36804201899052),
(-91.91580502228203,44.28738727268028),
(-91.86122493221942,44.17260440473118),
(-91.72453658608852,44.09144399633969),
(-91.55769630581654,44.02361405426029),
(-91.39113116513606,43.9626845645789),
(-91.30515832971719,43.90365759330082),
(-91.27087978859085,43.81761665938787),
(-91.27224713455374,43.79637221905106),
(-91.2480006344918,43.71057516139501),
(-91.24937572192746,43.68932425326593),
(-91.256257779789,43.58303826751928),
(-91.21253142990149,43.49662704548585),
(-91.18249813396812,43.35373383988269),
(-91.16373082780297,43.33902722256959),
(-91.08132836366787,43.24445196514366),
(-91.13651492850686,43.16048854848062),
(-91.14684062895265,43.15363686950779),
(-91.16362894457289,43.05433916366378),
(-91.11426838260741,42.91765098378876),
(-91.10648189453822,42.88892913873735),
(-91.09824305735492,42.86730124150625),
(-90.9909532482819,42.72879298974755),
(-90.98173166784325,42.72140104967149),
(-90.78336009621486,42.63721566550379),
(-90.65940167614185,42.60493806444145),
(-90.65588783092952,42.52616340067916),
(-90.54434847853631,42.46542799426478),
(-90.13805544856774,42.45911897051309),
(-90.09947897406836,42.45775800090769),
(-90.0217338488343,42.46212561355958),
(-89.95435172858653,42.45959898676095),
(-89.65503557869323,42.46208583108497),
(-89.60638375701393,42.46720104298866),
(-89.34469439771378,42.48444528534718),
(-89.30634356124334,42.48272824338706),
(-88.71156584975627,42.46824986102703),
(-88.64393791685487,42.47188994794362),
(-87.76707856470304,42.49987209332212),
(-87.7075564295406,42.76695319802141),
(-87.76627504311598,42.92704787822559),
(-87.81089118583837,43.0434132961618),
(-87.84764742922118,43.14498585271834),
(-87.87969531876858,43.28868412782082),
(-87.80168148544064,43.37603690199501),
(-87.81197473192989,43.53945644995441),
(-87.71670602107636,43.6043523826636),
(-87.70268791260497,43.7236807887121),
(-87.73720690719256,43.84591434372885),
(-87.73391094493333,43.87397040454064),
(-87.7320904728613,43.97273832478718),
(-87.74744586749502,44.00897880064083),
(-87.74579485945893,44.02300041909707),
(-87.69935584846083,44.08369678672986),
(-87.68793952641688,44.09711578758417),
(-87.56073342072463,44.17396885569738),
(-87.55988603138468,44.18097455187901),
(-87.55225030419634,44.24402520834861),
(-87.54970121077045,44.26504223024104),
(-87.5475796910912,44.36371799297434),
(-87.52411218987545,44.47517286387752),
(-87.45602217868887,44.62618530430787),
(-87.37574267166447,44.71289685687182),
(-87.31228563148731,44.82183996952001),
(-87.24137569941753,44.90912218530138),
(-87.19087028773819,45.06837735310418),
(-87.10047791242674,45.14735402768878),
(-87.07783487584234,45.1670933290859),
(-87.0178689326476,45.24097990045124),
(-87.01599353953834,45.25500865185116),
(-86.93588888306643,45.32758831615617),
(-86.85038110481331,45.36439587557997),
(-87.28660979511656,45.33609707740141),
(-87.29831889115691,45.24489333924038),
(-87.30916783994218,45.23850793328329),
(-87.36232187460156,45.13581967470434),
(-87.48586795599294,45.10819950981434),
(-87.52557756416469,45.11064946338284),
(-87.63961874981207,45.16000995459594),
(-87.65864639997014,45.1682278592769),
(-87.70648314063917,45.27003825676788),
(-87.70394704964215,45.29108789806438),
(-87.74536708530349,45.36424777584271),
(-87.91585023675782,45.36720142532609),
(-87.8543846376691,45.46262709003965),
(-87.85355700623016,45.4696523699775),
(-87.83192767832496,45.5674337197432),
(-87.82024135013651,45.58090166505892),
(-87.82444983730294,45.7156420448587),
(-87.94609974383096,45.80064077629838),
(-88.20551745255699,45.92873462575339),
(-88.3914259137585,45.99569185986816),
(-88.78428078339343,46.03768943801914),
(-89.05184425237671,46.12230421827687),
(-89.07220061570473,46.12331856009791),
(-89.34420557807641,46.17211925201319),
(-90.04094341264629,46.33170758001848),
(-90.22648837912684,46.49672612887635),
(-90.45034728082361,46.57768383710673),
(-90.72833810754364,46.63876213822084),
(-90.77360002918475,46.7694829710598),
(-90.62850969846669,46.92883804331512),
(-90.52761599550324,47.03976507170198),
(-90.79162369250051,47.02876907174702),
(-92.26491211570622,46.63250215344291) ]
